data number,data,number ,sqaures
1,2,4,16
2,4,5,25
3,6,7,49
4,8,1,1
5,10,3,9
6,12,5,25
7,14,6,36
8,16,7,49
9,18,8,64
10,20,9,81
11,22,10,100
12,24,11,121
13,26,12,144
14,28,13,169
15,30,14,196
16,32,15,225
17,34,16,256
18,36,17,289
19,38,18,324
20,40,19,361
